[0, 1, 0, 0, 1, 1, 0, 1, 1, 1, 0, 0, 0, 1, 1, 1, 1, 1, 1, 1]
[1, 1, 0, 1, 1, 1, 1, 1, 1, 1, 1, 1, 1, 1, 1, 0, 0, 1, 1, 0]
[0, 1, 0, 1, 1, 1, 1, 1, 1, 0, 1, 1, 1, 1, 1, 1, 1, 1, 0, 1]
[0, 1, 1, 1, 0, 1, 1, 1, 1, 1, 1, 1, 0, 1, 1, 1, 1, 0, 1, 0]
[1, 1, 1, 1, 1, 0, 1, 1, 0, 1, 0, 1, 1, 0, 1, 1, 1, 0, 1, 1]
[0, 0, 1, 1, 1, 1, 1, 0, 0, 1, 0, 1, 1, 1, 1, 1, 1, 1, 1, 1]
[1, 1, 1, 1, 1, 1, 1, 1, 1, 1, 1, 1, 1, 1, 1, 1, 1, 1, 1, 1]
[1, 0, 1, 1, 1, 1, 0, 0, 0, 0, 1, 1, 1, 0, 1, 0, 1, 0, 1, 1]
[1, 1, 0, 1, 1, 1, 1, 1, 1, 1, 1, 1, 1, 1, 1, 1, 1, 1, 1, 1]
[1, 1, 1, 1, 1, 0, 1, 1, 0, 1, 1, 1, 0, 0, 1, 1, 1, 1, 0, 0]
[0, 0, 1, 1, 1, 1, 1, 1, 0, 0, 1, 1, 0, 1, 1, 1, 1, 1, 1, 1]
[1, 1, 1, 1, 0, 1, 1, 0, 1, 1, 1, 1, 0, 0, 0, 1, 1, 0, 0, 1]
[0, 1, 1, 1, 1, 1, 0, 0, 1, 0, 1, 1, 1, 1, 1, 1, 0, 1, 1, 1]
[1, 1, 0, 0, 0, 1, 0, 1, 1, 1, 1, 2, 1, 1, 1, 1, 1, 0, 0, 0]
[1, 0, 1, 1, 1, 1, 1, 1, 1, 1, 1, 1, 0, 1, 1, 1, 1, 1, 1, 1]
[0, 1, 1, 1, 1, 0, 1, 0, 1, 1, 1, 0, 1, 1, 1, 0, 1, 0, 1, 1]
[0, 0, 0, 0, 1, 1, 0, 1, 1, 0, 1, 1, 1, 0, 0, 1, 1, 1, 1, 1]
[0, 1, 0, 1, 0, 1, 1, 1, 1, 1, 1, 1, 1, 1, 1, 1, 0, 1, 1, 1]
[1, 0, 1, 0, 1, 0, 1, 1, 1, 1, 1, 0, 1, 1, 1, 1, 0, 1, 1, 1]
[1, 1, 1, 0, 1, 1, 0, 1, 1, 1, 1, 0, 1, 1, 0, 1, 0, 0, 1, 1]
height = 20
width = 20
turn number  1
1 0 [[1.0, 11, 12], [2.0, 11, 11], [3.0, 11, 10], [4.0, 11, 9], [5.0, 11, 8], [6.0, 11, 7], [7.0, 11, 6], [8.0, 11, 5], [9.0, 11, 4], [10.0, 11, 3], [11.0, 11, 2], [12.0, 11, 1]]
2 0.083141 [[12.0, 12, 1]]
3 0.09066 [[11.0, 12, 2]]
4 0.110657 [[9.1, 12, 4]]
5 0.124355 [[8.1, 12, 5]]
6 0.141897 [[7.1, 12, 6]]
7 0.152649 [[13.2, 13, 0]]
8 0.165149 [[6.1, 12, 7], [12.2, 13, 1]]
9 0.179853 [[11.2, 13, 2]]
10 0.197396 [[5.1, 12, 8], [10.2, 13, 3]]
11 0.226799 [[13.3, 14, 0]]
12 0.244979 [[8.2, 13, 5], [12.4, 14, 1]]
13 0.266252 [[11.4, 14, 2]]
14 0.2783 [[7.3, 13, 6]]
15 0.291457 [[10.4, 14, 3]]
16 0.298499 [[13.6, 15, 0]]
17 0.321751 [[9.5, 14, 4]]
18 0.348771 [[11.7, 15, 2]]
19 0.358771 [[8.5, 14, 5]]
20 0.367174 [[13.9, 16, 0]]
21 0.380506 [[5.4, 13, 8], [10.8, 15, 3]]
22 0.404892 [[7.6, 14, 6]]
23 0.418224 [[9.8, 15, 4]]
24 0.426627 [[12.1, 16, 2]]
25 0.432408 [[14.3, 17, 0]]
26 0.463648 [[6.7, 14, 7], [8.9, 15, 5], [11.2, 16, 3], [13.4, 17, 1]]
27 0.493941 [[14.8, 18, 0]]
28 0.499347 [[12.5, 17, 2]]
29 0.507099 [[10.3, 16, 4]]
30 0.519146 [[8.1, 15, 6]]
31 0.528074 [[13.9, 18, 1]]
32 0.54042 [[5.8, 14, 8]]
33 0.551655 [[15.3, 19, 0]]
34 0.558599 [[9.4, 16, 5]]
35 0.588003 [[3.6, 13, 10]]
36 0.610726 [[12.2, 18, 3]]
37 0.620249 [[8.6, 16, 6]]
38 0.628796 [[13.6, 19, 2]]
39 0.643501 [[5.0, 14, 9], [10.0, 17, 5]]
40 0.661043 [[11.4, 18, 4]]
41 0.674741 [[6.4, 15, 8]]
42 0.694738 [[7.8, 16, 7]]
43 0.708626 [[9.2, 17, 6]]
44 0.71883 [[10.6, 18, 5]]
45 0.726642 [[12.0, 19, 4]]
46 0.785398 [[1.4, 12, 12], [4.2, 14, 10], [5.7, 15, 9], [7.1, 16, 8], [9.9, 18, 6], [11.3, 19, 5]]
47 0.851966 [[10.6, 19, 6]]
48 0.86217 [[9.2, 18, 7]]
49 0.876058 [[7.8, 17, 8]]
50 0.896055 [[6.4, 16, 9]]
51 0.927295 [[5.0, 15, 10], [10.0, 19, 7]]
52 0.950547 [[8.6, 18, 8]]
53 0.982794 [[7.2, 17, 9]]
54 1.012197 [[9.4, 19, 8]]
55 1.030377 [[5.8, 16, 10]]
56 1.107149 [[2.2, 13, 12], [4.5, 15, 11], [6.7, 17, 10]]
57 1.165905 [[7.6, 18, 10]]
58 1.19029 [[5.4, 16, 11]]
59 1.212026 [[8.5, 19, 10]]
60 1.249046 [[3.2, 14, 12]]
61 1.325818 [[4.1, 15, 12], [8.2, 19, 11]]
62 1.405648 [[6.1, 17, 12]]
63 1.428899 [[7.1, 18, 12]]
64 1.446441 [[8.1, 19, 12]]
65 1.570796 [[1.0, 10, 13], [1.0, 12, 13], [1.0, 11, 14], [2.0, 9, 13], [2.0, 13, 13], [3.0, 8, 13], [3.0, 14, 13], [3.0, 11, 16], [4.0, 7, 13], [4.0, 15, 13], [4.0, 11, 17], [5.0, 16, 13], [6.0, 5, 13], [10.0, 1, 13], [11.0, 0, 13]]
66 1.661456 [[11.0, 0, 14]]
67 1.670465 [[10.0, 1, 12]]
68 1.681454 [[9.1, 2, 12], [9.1, 2, 14]]
69 1.695151 [[8.1, 3, 12], [8.1, 3, 14], [8.1, 19, 14]]
70 1.712693 [[7.1, 4, 12], [7.1, 4, 14], [7.1, 18, 14]]
71 1.735945 [[6.1, 5, 12], [6.1, 5, 14], [6.1, 17, 14]]
72 1.75065 [[11.2, 0, 11]]
73 1.768192 [[5.1, 6, 14], [5.1, 16, 14], [10.2, 1, 11], [10.2, 1, 15]]
74 1.789465 [[9.2, 2, 11], [9.2, 2, 15]]
75 1.815775 [[4.1, 7, 14], [4.1, 15, 14], [8.2, 3, 11], [8.2, 3, 15], [8.2, 19, 15]]
76 1.849096 [[7.3, 4, 15], [7.3, 18, 15]]
77 1.892547 [[3.2, 8, 12], [3.2, 8, 14], [3.2, 14, 14], [6.3, 5, 11], [9.5, 2, 10]]
78 1.919567 [[11.7, 0, 9]]
79 1.929567 [[8.5, 3, 10], [8.5, 19, 16]]
80 1.951303 [[5.4, 6, 11], [5.4, 6, 15], [5.4, 16, 15], [10.8, 1, 9], [10.8, 1, 17]]
81 1.975688 [[7.6, 4, 10], [7.6, 4, 16], [7.6, 18, 16]]
82 1.989021 [[9.8, 2, 9]]
83 1.997424 [[12.1, 0, 8], [12.1, 0, 18]]
84 2.034444 [[2.2, 9, 14], [2.2, 13, 14], [6.7, 5, 10], [6.7, 5, 16], [6.7, 17, 16], [8.9, 3, 9], [8.9, 3, 17], [8.9, 19, 17], [11.2, 1, 8]]
85 2.070143 [[12.5, 0, 7], [12.5, 0, 19]]
86 2.077895 [[10.3, 2, 18]]
87 2.089942 [[8.1, 4, 9], [8.1, 18, 17]]
88 2.111216 [[5.8, 6, 10], [5.8, 16, 16], [11.7, 1, 19]]
89 2.129396 [[9.4, 3, 8], [9.4, 19, 18]]
90 2.137526 [[13.0, 0, 6]]
91 2.158799 [[3.6, 8, 11], [3.6, 8, 15], [3.6, 14, 15], [7.2, 5, 17], [7.2, 17, 17], [10.8, 2, 7], [10.8, 2, 19]]
92 2.181522 [[12.2, 1, 6]]
93 2.191046 [[8.6, 4, 8], [8.6, 4, 18], [8.6, 18, 18]]
94 2.214297 [[5.0, 7, 10], [5.0, 7, 16], [5.0, 15, 16], [10.0, 3, 7], [10.0, 19, 19]]
95 2.231839 [[11.4, 2, 6]]
96 2.245537 [[6.4, 6, 9], [6.4, 6, 17]]
97 2.256526 [[14.2, 0, 4]]
98 2.265535 [[7.8, 5, 8], [7.8, 17, 18]]
99 2.279423 [[9.2, 4, 7], [9.2, 4, 19], [9.2, 18, 19]]
100 2.289626 [[10.6, 3, 6]]
101 2.297439 [[12.0, 2, 5]]
102 2.303611 [[13.5, 1, 4]]
103 2.356194 [[1.4, 10, 12], [1.4, 10, 14], [2.8, 9, 11], [2.8, 9, 15], [2.8, 13, 15], [4.2, 8, 16], [5.7, 7, 9], [5.7, 7, 17], [5.7, 15, 17], [7.1, 6, 8], [7.1, 6, 18], [8.5, 5, 7], [8.5, 5, 19], [9.9, 4, 6], [11.3, 3, 5], [12.7, 2, 4], [14.1, 1, 3]]
104 2.399645 [[16.3, 0, 1]]
105 2.403778 [[14.9, 1, 2]]
106 2.408778 [[13.5, 2, 3]]
107 2.41495 [[12.0, 3, 4]]
108 2.422763 [[10.6, 4, 5]]
109 2.432966 [[9.2, 5, 6]]
110 2.446854 [[15.6, 1, 1]]
111 2.466852 [[6.4, 7, 8], [6.4, 7, 18], [6.4, 15, 18], [12.8, 3, 3]]
112 2.480549 [[11.4, 4, 4]]
113 2.485897 [[16.4, 1, 0]]
114 2.498092 [[5.0, 8, 17], [5.0, 14, 17], [10.0, 5, 5]]
115 2.512796 [[13.6, 3, 2]]
116 2.521343 [[8.6, 6, 6]]
117 2.55359 [[7.2, 7, 19], [7.2, 15, 19], [14.4, 3, 1]]
118 2.574863 [[13.0, 4, 2]]
119 2.582993 [[9.4, 6, 5]]
120 2.601173 [[5.8, 8, 8], [5.8, 8, 18], [5.8, 14, 18], [11.7, 5, 3]]
121 2.613518 [[13.9, 4, 1]]
122 2.622447 [[8.1, 7, 6]]
123 2.634494 [[10.3, 6, 4]]
124 2.642246 [[12.5, 5, 2]]
125 2.647651 [[14.8, 4, 0]]
126 2.677945 [[2.2, 10, 11], [2.2, 10, 15], [2.2, 12, 15], [4.5, 9, 9], [4.5, 9, 17], [4.5, 13, 17], [6.7, 8, 19], [11.2, 6, 3], [13.4, 5, 1]]
127 2.709185 [[14.3, 5, 0]]
128 2.714965 [[12.1, 6, 2]]
129 2.723368 [[9.8, 7, 4]]
130 2.736701 [[7.6, 8, 6]]
131 2.746802 [[13.0, 6, 1]]
132 2.761086 [[5.4, 9, 8], [5.4, 9, 18], [5.4, 13, 18], [10.8, 7, 3]]
133 2.792822 [[11.7, 7, 2]]
134 2.819842 [[3.2, 10, 10], [3.2, 10, 16], [3.2, 12, 16], [6.3, 9, 19], [6.3, 13, 19], [12.6, 7, 1]]
135 2.843094 [[13.6, 7, 0]]
136 2.850136 [[10.4, 8, 3]]
137 2.863293 [[7.3, 9, 6]]
138 2.875341 [[11.4, 8, 2]]
139 2.896614 [[4.1, 10, 9], [4.1, 10, 17], [4.1, 12, 17], [8.2, 9, 5], [12.4, 8, 1]]
140 2.914794 [[13.3, 8, 0]]
141 2.922924 [[9.2, 9, 4]]
142 2.944197 [[5.1, 10, 8], [5.1, 10, 18], [5.1, 12, 18], [10.2, 9, 3]]
143 2.976444 [[6.1, 10, 7], [6.1, 10, 19], [6.1, 12, 19], [12.2, 9, 1]]
144 2.988943 [[13.2, 9, 0]]
145 2.999696 [[7.1, 10, 6]]
146 3.041924 [[10.0, 10, 3]]
147 3.050933 [[11.0, 10, 2]]
148 3.058451 [[12.0, 10, 1]]
turn number  2
149 0 [[2.0, 11, 11], [3.0, 11, 10], [4.0, 11, 9], [5.0, 11, 8], [6.0, 11, 7], [7.0, 11, 6], [8.0, 11, 5], [9.0, 11, 4], [10.0, 11, 3], [11.0, 11, 2], [12.0, 11, 1]]
150 0.165149 [[12.2, 13, 1]]
151 0.197396 [[10.2, 13, 3]]
152 0.244979 [[12.4, 14, 1]]
153 0.380506 [[10.8, 15, 3]]
154 0.463648 [[8.9, 15, 5], [11.2, 16, 3], [13.4, 17, 1]]
155 0.643501 [[10.0, 17, 5]]
156 0.785398 [[4.2, 14, 10], [5.7, 15, 9], [7.1, 16, 8], [9.9, 18, 6], [11.3, 19, 5]]
157 0.927295 [[10.0, 19, 7]]
158 1.107149 [[4.5, 15, 11], [6.7, 17, 10]]
159 1.325818 [[8.2, 19, 11]]
160 1.570796 [[1.0, 12, 13], [1.0, 11, 14], [2.0, 9, 13], [2.0, 13, 13], [3.0, 8, 13], [3.0, 14, 13], [3.0, 11, 16], [4.0, 7, 13], [4.0, 15, 13], [4.0, 11, 17], [5.0, 16, 13], [6.0, 5, 13], [10.0, 1, 13], [11.0, 0, 13]]
161 1.681454 [[9.1, 2, 14]]
162 1.695151 [[8.1, 3, 14], [8.1, 19, 14]]
163 1.712693 [[7.1, 4, 14], [7.1, 18, 14]]
164 1.735945 [[6.1, 5, 14], [6.1, 17, 14]]
165 1.768192 [[5.1, 16, 14], [10.2, 1, 11], [10.2, 1, 15]]
166 1.789465 [[9.2, 2, 15]]
167 1.815775 [[4.1, 15, 14], [8.2, 3, 11], [8.2, 3, 15], [8.2, 19, 15]]
168 1.849096 [[7.3, 18, 15]]
169 1.892547 [[3.2, 8, 14], [3.2, 14, 14], [6.3, 5, 11], [9.5, 2, 10]]
170 1.929567 [[8.5, 19, 16]]
171 1.951303 [[5.4, 6, 15], [5.4, 16, 15], [10.8, 1, 9], [10.8, 1, 17]]
172 1.975688 [[7.6, 4, 16], [7.6, 18, 16]]
173 1.997424 [[12.1, 0, 18]]
174 2.034444 [[2.2, 13, 14], [6.7, 5, 10], [6.7, 5, 16], [6.7, 17, 16], [8.9, 3, 9], [8.9, 3, 17], [8.9, 19, 17], [11.2, 1, 8]]
175 2.070143 [[12.5, 0, 19]]
176 2.089942 [[8.1, 18, 17]]
177 2.111216 [[5.8, 16, 16], [11.7, 1, 19]]
178 2.129396 [[9.4, 19, 18]]
179 2.158799 [[3.6, 8, 15], [3.6, 14, 15], [7.2, 5, 17], [7.2, 17, 17], [10.8, 2, 7], [10.8, 2, 19]]
180 2.191046 [[8.6, 4, 18], [8.6, 18, 18]]
181 2.214297 [[5.0, 7, 16], [5.0, 15, 16], [10.0, 3, 7], [10.0, 19, 19]]
182 2.245537 [[6.4, 6, 17]]
183 2.265535 [[7.8, 17, 18]]
184 2.279423 [[9.2, 4, 19], [9.2, 18, 19]]
185 2.356194 [[1.4, 10, 14], [2.8, 9, 11], [2.8, 9, 15], [2.8, 13, 15], [4.2, 8, 16], [5.7, 7, 9], [5.7, 7, 17], [5.7, 15, 17], [7.1, 6, 8], [7.1, 6, 18], [8.5, 5, 7], [8.5, 5, 19], [9.9, 4, 6], [11.3, 3, 5], [12.7, 2, 4], [14.1, 1, 3]]
186 2.466852 [[6.4, 7, 18], [6.4, 15, 18], [12.8, 3, 3]]
187 2.498092 [[5.0, 14, 17], [10.0, 5, 5]]
188 2.55359 [[7.2, 15, 19], [14.4, 3, 1]]
189 2.601173 [[5.8, 8, 18], [5.8, 14, 18], [11.7, 5, 3]]
190 2.677945 [[2.2, 10, 15], [2.2, 12, 15], [4.5, 9, 9], [4.5, 9, 17], [4.5, 13, 17], [6.7, 8, 19], [11.2, 6, 3], [13.4, 5, 1]]
191 2.761086 [[5.4, 9, 18], [5.4, 13, 18], [10.8, 7, 3]]
192 2.819842 [[3.2, 10, 16], [3.2, 12, 16], [6.3, 9, 19], [6.3, 13, 19], [12.6, 7, 1]]
193 2.896614 [[4.1, 10, 17], [4.1, 12, 17], [8.2, 9, 5], [12.4, 8, 1]]
194 2.944197 [[5.1, 10, 18], [5.1, 12, 18], [10.2, 9, 3]]
195 2.976444 [[6.1, 10, 19], [6.1, 12, 19], [12.2, 9, 1]]
turn number  3
196 0 [[3.0, 11, 10], [4.0, 11, 9], [5.0, 11, 8], [6.0, 11, 7], [7.0, 11, 6], [8.0, 11, 5], [9.0, 11, 4], [10.0, 11, 3], [11.0, 11, 2], [12.0, 11, 1]]
197 0.463648 [[11.2, 16, 3], [13.4, 17, 1]]
198 0.785398 [[5.7, 15, 9], [7.1, 16, 8], [9.9, 18, 6], [11.3, 19, 5]]
199 1.107149 [[6.7, 17, 10]]
200 1.570796 [[1.0, 11, 14], [2.0, 9, 13], [2.0, 13, 13], [3.0, 8, 13], [3.0, 14, 13], [3.0, 11, 16], [4.0, 7, 13], [4.0, 15, 13], [4.0, 11, 17], [5.0, 16, 13], [6.0, 5, 13], [10.0, 1, 13], [11.0, 0, 13]]
201 1.695151 [[8.1, 19, 14]]
202 1.712693 [[7.1, 18, 14]]
203 1.735945 [[6.1, 17, 14]]
204 1.768192 [[10.2, 1, 11], [10.2, 1, 15]]
205 1.815775 [[8.2, 3, 11], [8.2, 3, 15], [8.2, 19, 15]]
206 1.892547 [[3.2, 14, 14], [6.3, 5, 11], [9.5, 2, 10]]
207 1.951303 [[5.4, 16, 15], [10.8, 1, 9], [10.8, 1, 17]]
208 1.975688 [[7.6, 18, 16]]
209 2.034444 [[6.7, 5, 10], [6.7, 5, 16], [6.7, 17, 16], [8.9, 3, 9], [8.9, 3, 17], [8.9, 19, 17], [11.2, 1, 8]]
210 2.111216 [[11.7, 1, 19]]
211 2.158799 [[3.6, 14, 15], [7.2, 5, 17], [7.2, 17, 17], [10.8, 2, 7], [10.8, 2, 19]]
212 2.191046 [[8.6, 18, 18]]
213 2.214297 [[5.0, 15, 16], [10.0, 3, 7], [10.0, 19, 19]]
214 2.279423 [[9.2, 18, 19]]
215 2.356194 [[2.8, 9, 11], [2.8, 9, 15], [2.8, 13, 15], [4.2, 8, 16], [5.7, 7, 9], [5.7, 7, 17], [5.7, 15, 17], [7.1, 6, 8], [7.1, 6, 18], [8.5, 5, 7], [8.5, 5, 19], [9.9, 4, 6], [11.3, 3, 5], [12.7, 2, 4], [14.1, 1, 3]]
216 2.466852 [[6.4, 15, 18], [12.8, 3, 3]]
217 2.498092 [[10.0, 5, 5]]
218 2.55359 [[14.4, 3, 1]]
219 2.601173 [[5.8, 14, 18], [11.7, 5, 3]]
220 2.677945 [[2.2, 12, 15], [4.5, 9, 9], [4.5, 9, 17], [4.5, 13, 17], [6.7, 8, 19], [11.2, 6, 3], [13.4, 5, 1]]
221 2.761086 [[5.4, 13, 18], [10.8, 7, 3]]
222 2.819842 [[3.2, 12, 16], [6.3, 9, 19], [6.3, 13, 19], [12.6, 7, 1]]
223 2.896614 [[4.1, 12, 17], [8.2, 9, 5], [12.4, 8, 1]]
224 2.944197 [[5.1, 12, 18], [10.2, 9, 3]]
225 2.976444 [[6.1, 12, 19], [12.2, 9, 1]]
[0, [1.0, 11, 12], [12.0, 12, 1], [11.0, 12, 2], [9.1, 12, 4], [8.1, 12, 5], [7.1, 12, 6], [13.2, 13, 0], [6.1, 12, 7], [11.2, 13, 2], [5.1, 12, 8], [13.3, 14, 0], [8.2, 13, 5], [11.4, 14, 2], [7.3, 13, 6], [10.4, 14, 3], [13.6, 15, 0], [9.5, 14, 4], [11.7, 15, 2], [8.5, 14, 5], [13.9, 16, 0], [5.4, 13, 8], [7.6, 14, 6], [9.8, 15, 4], [12.1, 16, 2], [14.3, 17, 0], [6.7, 14, 7], [14.8, 18, 0], [12.5, 17, 2], [10.3, 16, 4], [8.1, 15, 6], [13.9, 18, 1], [5.8, 14, 8], [15.3, 19, 0], [9.4, 16, 5], [3.6, 13, 10], [12.2, 18, 3], [8.6, 16, 6], [13.6, 19, 2], [5.0, 14, 9], [11.4, 18, 4], [6.4, 15, 8], [7.8, 16, 7], [9.2, 17, 6], [10.6, 18, 5], [12.0, 19, 4], [1.4, 12, 12], [10.6, 19, 6], [9.2, 18, 7], [7.8, 17, 8], [6.4, 16, 9], [5.0, 15, 10], [8.6, 18, 8], [7.2, 17, 9], [9.4, 19, 8], [5.8, 16, 10], [2.2, 13, 12], [7.6, 18, 10], [5.4, 16, 11], [8.5, 19, 10], [3.2, 14, 12], [4.1, 15, 12], [6.1, 17, 12], [7.1, 18, 12], [8.1, 19, 12], [1.0, 10, 13], [11.0, 0, 14], [10.0, 1, 12], [9.1, 2, 12], [8.1, 3, 12], [7.1, 4, 12], [6.1, 5, 12], [11.2, 0, 11], [5.1, 6, 14], [9.2, 2, 11], [4.1, 7, 14], [7.3, 4, 15], [3.2, 8, 12], [11.7, 0, 9], [8.5, 3, 10], [5.4, 6, 11], [7.6, 4, 10], [9.8, 2, 9], [12.1, 0, 8], [2.2, 9, 14], [12.5, 0, 7], [10.3, 2, 18], [8.1, 4, 9], [5.8, 6, 10], [9.4, 3, 8], [13.0, 0, 6], [3.6, 8, 11], [12.2, 1, 6], [8.6, 4, 8], [5.0, 7, 10], [11.4, 2, 6], [6.4, 6, 9], [14.2, 0, 4], [7.8, 5, 8], [9.2, 4, 7], [10.6, 3, 6], [12.0, 2, 5], [13.5, 1, 4], [1.4, 10, 12], [16.3, 0, 1], [14.9, 1, 2], [13.5, 2, 3], [12.0, 3, 4], [10.6, 4, 5], [9.2, 5, 6], [15.6, 1, 1], [6.4, 7, 8], [11.4, 4, 4], [16.4, 1, 0], [5.0, 8, 17], [13.6, 3, 2], [8.6, 6, 6], [7.2, 7, 19], [13.0, 4, 2], [9.4, 6, 5], [5.8, 8, 8], [13.9, 4, 1], [8.1, 7, 6], [10.3, 6, 4], [12.5, 5, 2], [14.8, 4, 0], [2.2, 10, 11], [14.3, 5, 0], [12.1, 6, 2], [9.8, 7, 4], [7.6, 8, 6], [13.0, 6, 1], [5.4, 9, 8], [11.7, 7, 2], [3.2, 10, 10], [13.6, 7, 0], [10.4, 8, 3], [7.3, 9, 6], [11.4, 8, 2], [4.1, 10, 9], [13.3, 8, 0], [9.2, 9, 4], [5.1, 10, 8], [6.1, 10, 7], [13.2, 9, 0], [7.1, 10, 6], [10.0, 10, 3], [11.0, 10, 2], [12.0, 10, 1], [2.0, 11, 11], [12.2, 13, 1], [10.2, 13, 3], [12.4, 14, 1], [10.8, 15, 3], [8.9, 15, 5], [10.0, 17, 5], [4.2, 14, 10], [10.0, 19, 7], [4.5, 15, 11], [8.2, 19, 11], [1.0, 12, 13], [9.1, 2, 14], [8.1, 3, 14], [7.1, 4, 14], [6.1, 5, 14], [5.1, 16, 14], [9.2, 2, 15], [4.1, 15, 14], [7.3, 18, 15], [3.2, 8, 14], [8.5, 19, 16], [5.4, 6, 15], [7.6, 4, 16], [12.1, 0, 18], [2.2, 13, 14], [12.5, 0, 19], [8.1, 18, 17], [5.8, 16, 16], [9.4, 19, 18], [3.6, 8, 15], [8.6, 4, 18], [5.0, 7, 16], [6.4, 6, 17], [7.8, 17, 18], [9.2, 4, 19], [1.4, 10, 14], [6.4, 7, 18], [5.0, 14, 17], [7.2, 15, 19], [5.8, 8, 18], [2.2, 10, 15], [5.4, 9, 18], [3.2, 10, 16], [4.1, 10, 17], [5.1, 10, 18], [6.1, 10, 19], [3.0, 11, 10], [11.2, 16, 3], [5.7, 15, 9], [6.7, 17, 10], [1.0, 11, 14], [8.1, 19, 14], [7.1, 18, 14], [6.1, 17, 14], [10.2, 1, 11], [8.2, 3, 11], [3.2, 14, 14], [5.4, 16, 15], [7.6, 18, 16], [6.7, 5, 10], [11.7, 1, 19], [3.6, 14, 15], [8.6, 18, 18], [5.0, 15, 16], [9.2, 18, 19], [2.8, 9, 11], [6.4, 15, 18], [10.0, 5, 5], [14.4, 3, 1], [5.8, 14, 18], [2.2, 12, 15], [5.4, 13, 18], [3.2, 12, 16], [4.1, 12, 17], [5.1, 12, 18], [6.1, 12, 19]]
tab[1] = [1.0, 11, 12]
tab[2] = [12.0, 12, 1]
tab[3] = [11.0, 12, 2]
tab[10] = [5.1, 12, 8]
tab[20] = [13.9, 16, 0]
tab[50] = [6.4, 16, 9]
tab[100] = [10.6, 3, 6]
tab[200] = [1.0, 11, 14]
